A:
       4.000       10.000        6.000        3.000        6.000        2.000        5.000        4.000 
       4.000        5.000        3.000        3.000        6.000        8.000        7.000        1.000 
       9.000        9.000        8.000        5.000        2.000        8.000        4.000       10.000 
       8.000        4.000        3.000       10.000       10.000        2.000        3.000        6.000 
       2.000        6.000        4.000        4.000        7.000        7.000        6.000        7.000 
       5.000        9.000        1.000        9.000        8.000        1.000        3.000        9.000 
       2.000        7.000        9.000        6.000        7.000        1.000       10.000        6.000 
       9.000        7.000        3.000        9.000        5.000        3.000        9.000        4.000 
B:
       9.000        8.000        1.000        5.000        8.000        7.000        7.000        7.000 
       6.000        6.000        5.000        3.000        7.000        6.000        3.000        1.000 
       4.000        1.000        4.000       10.000        8.000       10.000        2.000        3.000 
       6.000        8.000       10.000        9.000        3.000        5.000        4.000        6.000 
       1.000        4.000        6.000        7.000        9.000        1.000        9.000        2.000 
       5.000        8.000        4.000        8.000        7.000        1.000        3.000        1.000 
       7.000        3.000       10.000        3.000        2.000       10.000        7.000        3.000 
       5.000        2.000        7.000        8.000        2.000        2.000        8.000        3.000 
C:
   29912.000    30586.000    30701.000    30725.000    29803.000    31122.000    29897.000    29471.000 
   30668.000    31482.000    31462.000    32112.000    30814.000    32050.000    30996.000    30870.000 
   29886.000    29861.000    30905.000    31406.000    29744.000    31358.000    29916.000    29455.000 
   30542.000    31541.000    31572.000    31415.000    30963.000    32208.000    30897.000    30631.000 
   30882.000    31925.000    31534.000    31635.000    30898.000    32035.000    30446.000    30963.000 
   30191.000    30756.000    31314.000    31265.000    30414.000    31077.000    30464.000    30108.000 
   30637.000    31566.000    32231.000    31781.000    30606.000    32049.000    30681.000    31098.000 
   30553.000    31890.000    32514.000    32247.000    30736.000    32176.000    31224.000    31077.000 
running time: 2.1832 s
