
FFT_SERIAL
  C++ parallel version
Process Conut: 1

  Accuracy check:

    FFT ( FFT ( X(1:N) ) ) == N * X(1:N)

             N      NITS    Error         Time          Time/Call     MFLOPS

             2     10000   7.85908e-17      0.000715     3.575e-08        279.72
             4     10000   1.20984e-16      0.001859     9.295e-08       430.339
             8     10000    6.8208e-17      0.003798     1.899e-07       631.912
            16     10000   1.43867e-16      0.010036     5.018e-07       637.704
            32      1000   1.33121e-16      0.001899     9.495e-07       842.549
            64      1000   1.77654e-16      0.005173    2.5865e-06       742.316
           128      1000   1.92904e-16      0.009137    4.5685e-06       980.628
           256      1000   2.09232e-16      0.021618    1.0809e-05       947.359
           512       100   1.92749e-16      0.004497    2.2485e-05       1024.68
          1024       100   2.31209e-16      0.010275    5.1375e-05       996.594
          2048       100   2.44501e-16      0.021351   0.000106755       1055.13
          4096       100   2.47659e-16      0.049514    0.00024757       992.689
          8192        10   2.57483e-16      0.010338     0.0005169       1030.14
         16384        10    2.7342e-16      0.023306     0.0011653       984.193
         32768        10    2.9187e-16      0.058625    0.00293125       838.414
         65536        10   2.83474e-16      0.107904     0.0053952       971.767
        131072         1   3.14377e-16       0.02187      0.010935       1018.85
        262144         1   3.21308e-16       0.04915      0.024575       960.039
        524288         1    3.2835e-16      0.103648      0.051824       961.087
       1048576         1   3.28552e-16      0.220557      0.110279       950.844

FFT_SERIAL:
  Normal end of execution.


FFT_SERIAL
  C++ parallel version
Process Conut: 2

  Accuracy check:

    FFT ( FFT ( X(1:N) ) ) == N * X(1:N)

             N      NITS    Error         Time          Time/Call     MFLOPS

             2     10000   7.85908e-17      0.002201    1.1005e-07       90.8678
             4     10000   1.20984e-16      0.013562     6.781e-07       58.9883
             8     10000    6.8208e-17      0.029311   1.46555e-06       81.8805
            16     10000   1.43867e-16      0.055825   2.79125e-06       114.644
            32      1000   1.33121e-16      0.012033    6.0165e-06       132.968
            64      1000   1.77654e-16      0.021163   1.05815e-05       181.449
           128      1000   1.92904e-16      0.037986    1.8993e-05       235.876
           256      1000   2.09232e-16       0.09042     4.521e-05       226.499
           512       100   1.92749e-16      0.017126     8.563e-05       269.065
          1024       100   2.31209e-16      0.035936    0.00017968       284.951
          2048       100   2.44501e-16      0.070208    0.00035104       320.875
          4096       100   2.47659e-16       0.15535    0.00077675       316.395
          8192        10   2.57483e-16       0.03711     0.0018555       286.974
         16384        10    2.7342e-16      0.060085    0.00300425       381.753
         32768        10    2.9187e-16      0.124571    0.00622855        394.57
         65536        10   2.83474e-16       0.26717     0.0133585       392.475
        131072         1   3.14377e-16      0.056291     0.0281455        395.84
        262144         1   3.21308e-16      0.114786      0.057393       411.077
        524288         1    3.2835e-16      0.273023      0.136512       364.858
       1048576         1   3.28552e-16      0.458515      0.229258       457.379

FFT_SERIAL:
  Normal end of execution.


FFT_SERIAL
  C++ parallel version
Process Conut: 4

  Accuracy check:

    FFT ( FFT ( X(1:N) ) ) == N * X(1:N)

             N      NITS    Error         Time          Time/Call     MFLOPS

             2     10000   7.85908e-17      0.017474     8.737e-07       11.4456
             4     10000   1.20984e-16      0.030483   1.52415e-06       26.2441
             8     10000    6.8208e-17       0.06353    3.1765e-06       37.7774
            16     10000   1.43867e-16      0.091262    4.5631e-06       70.1278
            32      1000   1.33121e-16      0.021499   1.07495e-05       74.4221
            64      1000   1.77654e-16      0.037167   1.85835e-05       103.317
           128      1000   1.92904e-16      0.083199   4.15995e-05       107.694
           256      1000   2.09232e-16      0.178504    8.9252e-05       114.731
           512       100   1.92749e-16       0.02942     0.0001471       156.628
          1024       100   2.31209e-16      0.055751   0.000278755       183.674
          2048       100   2.44501e-16      0.109942    0.00054971       204.908
          4096       100   2.47659e-16      0.227008    0.00113504       216.521
          8192        10   2.57483e-16      0.045065    0.00225325       236.316
         16384        10    2.7342e-16      0.096527    0.00482635       237.629
         32768        10    2.9187e-16      0.217376     0.0108688       226.115
         65536        10   2.83474e-16       0.49934      0.024967       209.992
        131072         1   3.14377e-16      0.167046      0.083523        133.39
        262144         1   3.21308e-16      0.274694      0.137347       171.776
        524288         1    3.2835e-16      0.543083      0.271541       183.424
       1048576         1   3.28552e-16        1.1982      0.599099       175.025

FFT_SERIAL:
  Normal end of execution.


FFT_SERIAL
  C++ parallel version
Process Conut: 8

  Accuracy check:

    FFT ( FFT ( X(1:N) ) ) == N * X(1:N)

             N      NITS    Error         Time          Time/Call     MFLOPS

             2     10000   7.85908e-17      0.005616     2.808e-07       35.6125
             4     10000   1.20984e-16      0.056578    2.8289e-06       14.1398
             8     10000    6.8208e-17      0.099331   4.96655e-06       24.1616
            16     10000   1.43867e-16      0.201128   1.00564e-05       31.8205
            32      1000   1.33121e-16      0.036602    1.8301e-05       43.7135
            64      1000   1.77654e-16       0.08616     4.308e-05       44.5682
           128      1000   1.92904e-16      0.113668    5.6834e-05       78.8261
           256      1000   2.09232e-16      0.199358    9.9679e-05        102.73
           512       100   1.92749e-16       0.03834     0.0001917       120.188
          1024       100   2.31209e-16      0.057511   0.000287555       178.053
          2048       100   2.44501e-16      0.111351   0.000556755       202.315
          4096       100   2.47659e-16      0.320808    0.00160404       153.213
          8192        10   2.57483e-16      0.065295    0.00326475         163.1
         16384        10    2.7342e-16      0.174289    0.00871445       131.607
         32768        10    2.9187e-16      0.482147     0.0241074       101.944
         65536        10   2.83474e-16        1.0207     0.0510351       102.731
        131072         1   3.14377e-16      0.221812      0.110906       100.456
        262144         1   3.21308e-16      0.512724      0.256362       92.0299
        524288         1    3.2835e-16       1.45037      0.725187       68.6821
       1048576         1   3.28552e-16       2.29178       1.14589       91.5077

FFT_SERIAL:
  Normal end of execution.


FFT_SERIAL
  C++ parallel version
Process Conut: 16

  Accuracy check:

    FFT ( FFT ( X(1:N) ) ) == N * X(1:N)

             N      NITS    Error         Time          Time/Call     MFLOPS

             2     10000   7.85908e-17      0.012871    6.4355e-07       15.5388
             4     10000   1.20984e-16      0.088332    4.4166e-06       9.05674
             8     10000    6.8208e-17      0.161348    8.0674e-06       14.8747
            16     10000   1.43867e-16      0.255099    1.2755e-05       25.0883
            32      1000   1.33121e-16      0.074296    3.7148e-05       21.5355
            64      1000   1.77654e-16      0.088557   4.42785e-05       43.3619
           128      1000   1.92904e-16      0.149556    7.4778e-05       59.9107
           256      1000   2.09232e-16      0.250982   0.000125491       81.5995
           512       100   1.92749e-16      0.041892    0.00020946       109.997
          1024       100   2.31209e-16      0.080986    0.00040493       126.442
          2048       100   2.44501e-16      0.206203    0.00103101       109.252
          4096       100   2.47659e-16      0.275168    0.00137584       178.625
          8192        10   2.57483e-16      0.088105    0.00440525       120.874
         16384        10    2.7342e-16      0.208319     0.0104159       110.108
         32768        10    2.9187e-16      0.522296     0.0261148       94.1076
         65536        10   2.83474e-16       1.35065     0.0675326       77.6347
        131072         1   3.14377e-16      0.280463      0.140231       79.4481
        262144         1   3.21308e-16      0.546243      0.273122       86.3827
        524288         1    3.2835e-16       1.16235      0.581177       85.7008
       1048576         1   3.28552e-16        2.5499       1.27495       82.2445

FFT_SERIAL:
  Normal end of execution.

