

=====number of threads: 1, size of matrix: 128 x 128=====
mat1:
       5.000        8.000        5.000        3.000       10.000        1.000        7.000        4.000 
       8.000        5.000        9.000        5.000        9.000        3.000        3.000        9.000 
       9.000       10.000        4.000        3.000        5.000        2.000        2.000        1.000 
       1.000        8.000        3.000        3.000        8.000       10.000        1.000        3.000 
       9.000       10.000        6.000        3.000        2.000       10.000        6.000        7.000 
       3.000        3.000        5.000        1.000        8.000        1.000        5.000        1.000 
       2.000        6.000        4.000        4.000       10.000        2.000        6.000        3.000 
       6.000       10.000        3.000        7.000        9.000        7.000        8.000        9.000 
mat2:
       3.000        8.000        1.000        5.000        7.000        2.000        2.000        1.000 
       1.000       10.000        9.000        7.000       10.000       10.000        3.000        8.000 
       8.000       10.000        4.000        1.000        7.000        8.000        1.000       10.000 
       5.000        6.000        4.000        2.000        2.000        9.000       10.000        6.000 
       9.000        8.000        1.000        7.000       10.000        4.000        4.000        2.000 
       9.000        7.000        9.000        6.000        2.000        7.000       10.000        3.000 
      10.000        1.000        2.000       10.000        1.000        2.000        1.000        1.000 
       5.000       10.000        7.000        5.000        2.000        2.000        4.000        1.000 
ans:
    3709.000     3495.000     3857.000     3553.000     3594.000     3490.000     3430.000     3745.000 
    3897.000     3811.000     4100.000     3865.000     3812.000     3689.000     3735.000     3845.000 
    3786.000     3716.000     3903.000     3599.000     3712.000     3778.000     3749.000     3591.000 
    3850.000     3770.000     4239.000     3837.000     3842.000     3782.000     3841.000     3693.000 
    3799.000     3753.000     4062.000     3648.000     3581.000     3647.000     3887.000     3830.000 
    3991.000     3808.000     3934.000     3825.000     3832.000     3762.000     3676.000     3643.000 
    3988.000     3626.000     4190.000     3839.000     3849.000     3664.000     3924.000     3867.000 
    4310.000     4243.000     4679.000     4181.000     4287.000     4171.000     4183.000     4000.000 
running time: 0.0083 s


=====number of threads: 1, size of matrix: 256 x 256=====
mat1:
      10.000        7.000        1.000       10.000        9.000        1.000        6.000        1.000 
       7.000        3.000        2.000        6.000        9.000        5.000        3.000        4.000 
       8.000        1.000        2.000        6.000        7.000        7.000        9.000        5.000 
       2.000       10.000        5.000        1.000        5.000        7.000        2.000        3.000 
       5.000        7.000        2.000        6.000        6.000        3.000        8.000        8.000 
       3.000        6.000       10.000        6.000        5.000        8.000        1.000        1.000 
       1.000        9.000        3.000        4.000        9.000        1.000        6.000        8.000 
       9.000        1.000        7.000        6.000        9.000       10.000        4.000        6.000 
mat2:
       1.000        6.000        3.000        5.000        8.000       10.000        8.000        5.000 
       2.000        5.000        4.000        2.000        6.000        6.000       10.000        9.000 
       7.000        7.000        4.000        2.000        9.000        5.000        6.000        1.000 
       9.000        5.000        8.000        3.000        1.000        3.000        7.000        8.000 
       9.000       10.000        1.000        4.000        6.000        6.000       10.000        9.000 
       9.000       10.000        3.000        7.000        7.000        3.000        8.000       10.000 
      10.000        4.000        9.000        4.000        6.000       10.000        6.000        1.000 
       9.000        8.000       10.000       10.000        6.000        6.000       10.000        8.000 
ans:
    7873.000     7964.000     7898.000     7637.000     7463.000     8007.000     7784.000     8056.000 
    7621.000     7630.000     7309.000     7673.000     7236.000     7479.000     7572.000     7588.000 
    7463.000     7834.000     7162.000     7394.000     7246.000     7629.000     7637.000     7419.000 
    7849.000     8211.000     7663.000     7889.000     7627.000     7852.000     7932.000     7849.000 
    7611.000     7874.000     7432.000     7349.000     7585.000     7783.000     7665.000     7773.000 
    7716.000     7612.000     7337.000     7422.000     7561.000     7525.000     7606.000     7724.000 
    7459.000     7762.000     7510.000     7905.000     7406.000     7802.000     7779.000     7975.000 
    7910.000     7737.000     7499.000     7435.000     7432.000     7837.000     7999.000     7785.000 
running time: 0.0647 s


=====number of threads: 1, size of matrix: 512 x 512=====
mat1:
       9.000        7.000        7.000        2.000        6.000        6.000        8.000        9.000 
       3.000       10.000        5.000        7.000        3.000        1.000        3.000        5.000 
       6.000        5.000        3.000        1.000        2.000        2.000        9.000        6.000 
       1.000       10.000        2.000        4.000        8.000        2.000        8.000        1.000 
       2.000        4.000        4.000        2.000        9.000        7.000        2.000        7.000 
       5.000        8.000       10.000        1.000        2.000        8.000        4.000        3.000 
       9.000        9.000       10.000        9.000        4.000        8.000        4.000        1.000 
      10.000        2.000        7.000       10.000        6.000        5.000        3.000        9.000 
mat2:
       9.000        3.000        9.000        6.000        7.000        9.000        8.000        5.000 
       8.000        7.000        8.000       10.000        9.000        2.000        1.000        9.000 
       6.000        1.000        2.000        2.000       10.000        7.000        4.000        1.000 
       6.000        9.000        3.000        6.000        9.000        1.000        1.000        1.000 
       6.000       10.000        7.000        8.000        4.000        5.000        3.000        7.000 
      10.000        5.000        9.000       10.000       10.000        4.000        8.000        2.000 
       6.000        3.000        9.000        6.000        7.000        3.000        8.000        7.000 
       5.000        8.000        1.000        7.000       10.000       10.000        6.000        9.000 
ans:
   14789.000    14952.000    15175.000    15456.000    15712.000    14579.000    14957.000    15303.000 
   15213.000    15304.000    15006.000    15390.000    15995.000    15249.000    15013.000    15152.000 
   15597.000    15443.000    15351.000    15556.000    16116.000    14954.000    15437.000    15905.000 
   14340.000    15015.000    14606.000    14981.000    15424.000    14527.000    14444.000    15084.000 
   14736.000    15014.000    15448.000    15395.000    16239.000    14990.000    15151.000    15454.000 
   14735.000    15282.000    15260.000    15501.000    16175.000    15040.000    14849.000    15395.000 
   14620.000    14529.000    14623.000    14659.000    15458.000    13898.000    14448.000    14553.000 
   15560.000    15322.000    15644.000    15691.000    16366.000    15240.000    15066.000    15488.000 
running time: 0.6850 s


=====number of threads: 1, size of matrix: 1024 x 1024=====
mat1:
       8.000        5.000        8.000        5.000        6.000        8.000        8.000        7.000 
      10.000        1.000        1.000        4.000        5.000        3.000        6.000        5.000 
       2.000        1.000        5.000        8.000       10.000        9.000        6.000        6.000 
      10.000        1.000       10.000        5.000        2.000       10.000        9.000        8.000 
       2.000        8.000        5.000       10.000        1.000        3.000        4.000        5.000 
       5.000        2.000        3.000        1.000       10.000        6.000       10.000        7.000 
      10.000       10.000        5.000        5.000        5.000       10.000       10.000        6.000 
       7.000        1.000        4.000        6.000        2.000        9.000       10.000        7.000 
mat2:
       2.000        7.000        8.000        1.000        7.000        7.000       10.000        4.000 
       3.000        4.000        4.000        4.000        9.000        4.000        5.000        1.000 
       3.000        8.000        9.000        3.000        7.000        4.000       10.000        4.000 
       3.000        3.000       10.000       10.000        5.000        5.000        5.000        8.000 
       9.000        2.000        7.000        2.000        1.000       10.000        4.000        5.000 
       2.000        1.000        5.000        7.000        5.000        2.000        2.000        1.000 
       1.000        8.000        8.000        2.000        2.000        5.000       10.000        8.000 
      10.000       10.000       10.000        3.000        3.000        5.000        1.000        9.000 
ans:
   30430.000    32400.000    31677.000    29913.000    32135.000    32298.000    31590.000    31651.000 
   30790.000    32088.000    31398.000    29804.000    31145.000    31874.000    31199.000    31052.000 
   31506.000    31966.000    31825.000    30302.000    31789.000    32268.000    31268.000    31096.000 
   30435.000    31647.000    31949.000    29540.000    32178.000    32140.000    31296.000    30781.000 
   30958.000    31706.000    31084.000    29268.000    31742.000    31651.000    31511.000    30985.000 
   30329.000    31232.000    30821.000    29627.000    31780.000    31556.000    31111.000    30994.000 
   31296.000    33063.000    32184.000    30887.000    32644.000    33428.000    32411.000    32353.000 
   30441.000    31550.000    30959.000    29793.000    31360.000    31747.000    30926.000    30530.000 
running time: 7.4739 s


=====number of threads: 1, size of matrix: 2048 x 2048=====
mat1:
       4.000        9.000        8.000       10.000        8.000        6.000        5.000        4.000 
       6.000        2.000        4.000        3.000        5.000        8.000        5.000        8.000 
       5.000        1.000        6.000        2.000        2.000        5.000        5.000        1.000 
       4.000        3.000       10.000        1.000       10.000        5.000        2.000       10.000 
       1.000        2.000        3.000        5.000        4.000        9.000        9.000        2.000 
       3.000        7.000        9.000        2.000        4.000        4.000        2.000        2.000 
       4.000        6.000        2.000        7.000        6.000       10.000        8.000        2.000 
      10.000        6.000        4.000        2.000        1.000        2.000        8.000        6.000 
mat2:
       1.000        5.000        6.000       10.000       10.000        5.000        8.000        1.000 
       7.000        5.000        9.000        1.000        2.000        9.000       10.000        3.000 
       6.000        6.000        4.000        3.000        2.000       10.000        8.000        8.000 
       3.000        4.000        2.000        6.000        4.000       10.000        9.000       10.000 
       5.000        8.000        3.000        9.000        5.000        3.000       10.000        2.000 
       4.000       10.000       10.000       10.000        7.000        2.000        6.000        1.000 
       5.000        4.000        5.000        2.000        6.000       10.000        5.000        7.000 
       5.000        9.000       10.000        1.000        1.000        3.000        7.000        8.000 
ans:
   63031.000    61221.000    63862.000    63620.000    62230.000    61462.000    62019.000    62842.000 
   63146.000    60461.000    62978.000    63028.000    62412.000    60876.000    61965.000    61329.000 
   61819.000    60039.000    62595.000    62294.000    61013.000    59751.000    60178.000    60720.000 
   63017.000    59883.000    62524.000    62462.000    61300.000    61147.000    61525.000    61835.000 
   62730.000    60509.000    62880.000    62891.000    62462.000    60708.000    61345.000    62169.000 
   62792.000    60247.000    62556.000    62697.000    61856.000    60945.000    61149.000    61316.000 
   63658.000    60752.000    63426.000    63523.000    63250.000    61816.000    62878.000    62660.000 
   64241.000    62336.000    64609.000    64260.000    63089.000    62051.000    62076.000    63050.000 
running time: 146.5982 s


=====number of threads: 2, size of matrix: 128 x 128=====
mat1:
       4.000        5.000        5.000        8.000        8.000        3.000        3.000        2.000 
      10.000        3.000        2.000        9.000        7.000        1.000        1.000        9.000 
       7.000        7.000        6.000        8.000        2.000        8.000        6.000        8.000 
       3.000        2.000        5.000        6.000        6.000        3.000        1.000        5.000 
       9.000        5.000        5.000        7.000        2.000        3.000        4.000        3.000 
       5.000        4.000        4.000        3.000        7.000        2.000        9.000        1.000 
       4.000       10.000        5.000        6.000        1.000        4.000        5.000        5.000 
       8.000        3.000        6.000        5.000        6.000        6.000        3.000        2.000 
mat2:
       7.000       10.000        3.000       10.000        2.000        8.000        3.000        4.000 
       5.000       10.000        8.000        9.000        2.000        2.000        2.000       10.000 
       9.000        7.000        6.000        1.000       10.000       10.000        6.000        7.000 
      10.000       10.000        7.000        7.000       10.000        2.000        8.000       10.000 
       3.000        7.000        5.000        3.000        9.000        5.000        4.000        1.000 
       8.000        9.000        3.000        3.000        8.000        9.000        4.000        8.000 
       9.000        9.000        5.000        7.000        5.000        2.000        8.000        6.000 
       6.000        8.000        1.000       10.000        7.000        7.000        6.000       10.000 
ans:
    3589.000     4252.000     3801.000     3830.000     4109.000     3841.000     3699.000     4160.000 
    3623.000     3638.000     3450.000     3849.000     3908.000     3786.000     3672.000     3725.000 
    3558.000     3824.000     3620.000     3889.000     3768.000     3836.000     3813.000     3977.000 
    3397.000     3864.000     3600.000     3591.000     3957.000     3882.000     3763.000     3896.000 
    3647.000     4190.000     3843.000     4031.000     4105.000     4070.000     3994.000     4279.000 
    3783.000     4230.000     3906.000     4217.000     4273.000     3979.000     3984.000     4226.000 
    3424.000     3718.000     3693.000     3737.000     3917.000     3726.000     3875.000     3870.000 
    3701.000     4079.000     3598.000     3798.000     4386.000     3958.000     3886.000     4092.000 
running time: 0.0040 s


=====number of threads: 2, size of matrix: 256 x 256=====
mat1:
       9.000        4.000        9.000        3.000        6.000       10.000        5.000        3.000 
      10.000        3.000        3.000        7.000        4.000        1.000        9.000        9.000 
       7.000        6.000        7.000        4.000        4.000        6.000        5.000        8.000 
       3.000        4.000       10.000        4.000        3.000       10.000        4.000       10.000 
       2.000        2.000        5.000        9.000       10.000        3.000        1.000        5.000 
       3.000        3.000        5.000        6.000        6.000        8.000        3.000        3.000 
       4.000        3.000        5.000        4.000       10.000        4.000        4.000        1.000 
       1.000        3.000        8.000        9.000        4.000        8.000        3.000        7.000 
mat2:
       5.000        2.000        7.000        7.000        2.000        7.000        4.000        5.000 
       7.000        4.000        3.000        6.000       10.000        1.000       10.000        7.000 
       1.000        2.000       10.000        6.000        2.000       10.000        7.000        1.000 
       4.000        4.000        8.000        5.000       10.000        7.000        5.000        4.000 
       7.000        7.000        8.000        6.000        7.000       10.000       10.000        4.000 
       5.000       10.000        5.000        5.000        3.000        1.000        8.000        5.000 
       9.000        3.000        6.000        4.000        6.000        7.000        7.000        2.000 
       5.000       10.000        7.000        1.000        3.000       10.000       10.000        2.000 
ans:
    7640.000     8385.000     8322.000     7894.000     7750.000     7550.000     7534.000     7537.000 
    8116.000     8781.000     8673.000     8013.000     8091.000     8336.000     7890.000     8118.000 
    7222.000     7864.000     7765.000     7658.000     7509.000     7352.000     7294.000     7328.000 
    7140.000     7774.000     7575.000     7449.000     7154.000     7617.000     7148.000     7057.000 
    7630.000     8080.000     7902.000     7738.000     7626.000     7623.000     7445.000     7318.000 
    7544.000     8299.000     7948.000     8002.000     7565.000     7956.000     7500.000     7346.000 
    7378.000     8155.000     7656.000     7855.000     7757.000     7611.000     7256.000     7230.000 
    7137.000     8090.000     7558.000     7432.000     7685.000     7631.000     7017.000     7541.000 
running time: 0.0333 s


=====number of threads: 2, size of matrix: 512 x 512=====
mat1:
      10.000        7.000        1.000        9.000        2.000        6.000        6.000        1.000 
       3.000        8.000        8.000        6.000        7.000       10.000        4.000        9.000 
       5.000        1.000        1.000        1.000        9.000        3.000        9.000        6.000 
       4.000        3.000        4.000        3.000        6.000        7.000       10.000        7.000 
      10.000        5.000        9.000        9.000        7.000        5.000       10.000        3.000 
       7.000        2.000       10.000        9.000        5.000        3.000        6.000        2.000 
       7.000        3.000        3.000        3.000        3.000       10.000        1.000        5.000 
       2.000       10.000        5.000        7.000        9.000        7.000        9.000        7.000 
mat2:
       8.000        5.000        8.000        5.000        4.000        4.000        4.000        9.000 
       9.000        2.000        4.000        3.000        8.000        1.000        2.000        8.000 
       3.000        6.000        8.000        1.000        4.000        3.000        1.000        7.000 
       3.000       10.000        3.000        2.000        3.000        8.000        7.000        9.000 
       8.000        3.000        2.000        8.000        5.000        1.000        1.000        9.000 
       9.000       10.000        9.000        9.000        8.000        4.000        3.000       10.000 
      10.000        3.000        2.000        4.000       10.000        7.000        1.000        2.000 
       2.000        3.000        3.000        7.000        6.000        7.000        3.000        4.000 
ans:
   15073.000    15523.000    16123.000    15901.000    16012.000    15994.000    15908.000    15532.000 
   15774.000    15315.000    16301.000    15939.000    16362.000    16239.000    16324.000    16053.000 
   15354.000    15158.000    15660.000    15118.000    16027.000    15419.000    15592.000    14961.000 
   14750.000    14791.000    15607.000    15204.000    15462.000    15374.000    15551.000    14741.000 
   15185.000    15438.000    15771.000    15130.000    15637.000    15495.000    15700.000    14634.000 
   15513.000    15524.000    16147.000    15782.000    15783.000    15622.000    15598.000    15734.000 
   15030.000    15337.000    15445.000    15422.000    15563.000    15746.000    15643.000    15279.000 
   15451.000    15719.000    16515.000    16068.000    15980.000    16107.000    16271.000    15750.000 
running time: 0.3833 s


=====number of threads: 2, size of matrix: 1024 x 1024=====
mat1:
       6.000        1.000        8.000        1.000        7.000        9.000        5.000        3.000 
       3.000        8.000        5.000        6.000        1.000        4.000        8.000        5.000 
       4.000        7.000        7.000        7.000        9.000        2.000        8.000        7.000 
      10.000        3.000        8.000       10.000        1.000        3.000        4.000        8.000 
       9.000        4.000        7.000        6.000        1.000       10.000        3.000        8.000 
       2.000        9.000        8.000        7.000        4.000        1.000        8.000        9.000 
       4.000       10.000       10.000        9.000        6.000        6.000       10.000        9.000 
       6.000        4.000        2.000        3.000        9.000        7.000        6.000        8.000 
mat2:
       2.000        9.000       10.000       10.000        1.000       10.000        1.000        3.000 
       7.000        6.000        3.000        4.000        2.000        9.000        5.000        6.000 
       3.000        3.000        7.000        4.000        5.000        3.000        6.000        7.000 
       8.000        9.000        6.000        8.000        7.000        7.000        8.000        7.000 
       6.000        6.000        1.000        1.000        1.000        9.000        8.000        9.000 
       9.000        3.000        2.000        9.000        7.000        4.000        8.000        8.000 
      10.000        6.000        6.000        9.000        2.000        2.000        4.000        9.000 
       7.000        4.000        4.000       10.000        3.000       10.000        3.000        7.000 
ans:
   31603.000    30637.000    31004.000    30872.000    31410.000    31436.000    30315.000    31470.000 
   31595.000    30608.000    30414.000    30514.000    31427.000    31399.000    30349.000    31372.000 
   32287.000    31273.000    30532.000    31010.000    31808.000    31649.000    30373.000    32005.000 
   30895.000    30897.000    30756.000    31517.000    31702.000    31239.000    30050.000    31236.000 
   30977.000    30127.000    29712.000    29871.000    30585.000    30003.000    29157.000    30626.000 
   31591.000    30638.000    30001.000    31067.000    30674.000    30886.000    29872.000    31166.000 
   31190.000    30194.000    30072.000    30984.000    31043.000    30965.000    29584.000    31148.000 
   31269.000    30593.000    30341.000    30992.000    31461.000    31160.000    29867.000    31226.000 
running time: 3.7757 s


=====number of threads: 2, size of matrix: 2048 x 2048=====
mat1:
       5.000       10.000        2.000        7.000        9.000        9.000        2.000        4.000 
       6.000        4.000       10.000        5.000        2.000        7.000        6.000        8.000 
       7.000        9.000        2.000        4.000        4.000        5.000        3.000        1.000 
       4.000        8.000        8.000        1.000        3.000        3.000        3.000        5.000 
      10.000        8.000        5.000        7.000        1.000        5.000        9.000        9.000 
       6.000        8.000        1.000       10.000        8.000        7.000        7.000        1.000 
       7.000        6.000       10.000        7.000        7.000        9.000        4.000        7.000 
       6.000        3.000        8.000        2.000       10.000        9.000       10.000       10.000 
mat2:
       3.000        1.000        5.000        7.000        1.000       10.000        6.000        4.000 
       9.000        8.000        7.000        6.000        3.000        6.000        3.000        1.000 
       3.000        4.000       10.000        1.000        2.000        7.000        9.000       10.000 
       7.000       10.000        7.000        5.000        4.000        5.000        9.000        2.000 
       1.000        1.000        3.000        3.000        7.000        3.000        6.000        6.000 
      10.000        2.000        3.000        5.000        4.000        1.000        5.000        8.000 
       8.000        5.000        7.000       10.000       10.000        8.000        4.000        1.000 
       3.000        9.000        4.000        5.000        6.000        7.000        1.000        6.000 
ans:
   62477.000    62870.000    63719.000    62667.000    62536.000    62984.000    62908.000    63506.000 
   62254.000    62168.000    62222.000    62759.000    61183.000    61968.000    61551.000    62350.000 
   61728.000    62374.000    63270.000    63138.000    61206.000    61390.000    61243.000    62957.000 
   60343.000    60628.000    60826.000    61045.000    59546.000    60539.000    60629.000    61108.000 
   60655.000    61371.000    62123.000    61282.000    61293.000    61482.000    61263.000    61857.000 
   60662.000    61946.000    62012.000    61451.000    60994.000    60845.000    60882.000    61675.000 
   59735.000    60585.000    60439.000    59890.000    59692.000    61011.000    59957.000    60980.000 
   62251.000    63264.000    63125.000    63174.000    63289.000    62859.000    62188.000    63606.000 
running time: 63.4742 s


=====number of threads: 4, size of matrix: 128 x 128=====
mat1:
      10.000        5.000        7.000        3.000        8.000        2.000        8.000        8.000 
       5.000        7.000        3.000        3.000        2.000       10.000        1.000        7.000 
       6.000       10.000        2.000        4.000        3.000       10.000        3.000        8.000 
       5.000        7.000        7.000        5.000        5.000        1.000        9.000        8.000 
       9.000        5.000        2.000        6.000        3.000        4.000        5.000        6.000 
      10.000        3.000        2.000        7.000        6.000        6.000        5.000        8.000 
       9.000        3.000        8.000        2.000        9.000        7.000        3.000        6.000 
       2.000        1.000        4.000       10.000        5.000        4.000        5.000        8.000 
mat2:
       2.000        5.000        6.000        3.000        4.000        9.000        5.000        5.000 
       4.000        2.000        4.000        3.000        9.000        4.000        6.000        1.000 
       2.000        5.000        5.000        9.000        9.000        8.000       10.000        8.000 
      10.000        7.000        3.000        1.000        4.000        6.000        4.000        6.000 
       6.000        8.000        7.000        1.000        8.000        4.000        2.000        6.000 
       8.000       10.000        4.000        5.000        6.000       10.000        7.000        8.000 
       2.000        6.000        2.000        2.000        3.000        9.000        7.000        8.000 
       3.000        4.000        7.000        8.000        6.000        3.000        6.000        1.000 
ans:
    3721.000     3874.000     3663.000     3613.000     4055.000     3925.000     3857.000     3864.000 
    3903.000     3803.000     3748.000     3563.000     4091.000     4058.000     3866.000     3986.000 
    4111.000     4017.000     3679.000     3710.000     4245.000     4110.000     3823.000     3813.000 
    4235.000     4142.000     4036.000     3920.000     4464.000     4208.000     3939.000     4230.000 
    3613.000     3640.000     3574.000     3272.000     3805.000     3895.000     3642.000     3699.000 
    3843.000     3815.000     3634.000     3518.000     3886.000     4022.000     3785.000     3941.000 
    3991.000     3871.000     3701.000     3669.000     3970.000     4094.000     3815.000     4075.000 
    4271.000     4272.000     4075.000     3992.000     4362.000     4290.000     4243.000     4346.000 
running time: 0.0020 s


=====number of threads: 4, size of matrix: 256 x 256=====
mat1:
      10.000        9.000        4.000        8.000        2.000        4.000        6.000        5.000 
       1.000        2.000        3.000        2.000        7.000        1.000        9.000        3.000 
       6.000       10.000        6.000       10.000        1.000        3.000        6.000        1.000 
       8.000        6.000        7.000        2.000        8.000        7.000        1.000       10.000 
       3.000        9.000        2.000        1.000        5.000        6.000       10.000        2.000 
       5.000        9.000        9.000        2.000        3.000        7.000        6.000        6.000 
       3.000        4.000        6.000       10.000        4.000       10.000        2.000        8.000 
       9.000        3.000        2.000        2.000        5.000        5.000        2.000        5.000 
mat2:
       6.000        1.000       10.000        2.000        5.000        9.000        1.000        7.000 
       3.000        8.000        3.000        1.000        4.000        4.000        4.000        8.000 
       8.000        4.000        9.000        3.000        6.000        7.000        5.000        4.000 
       4.000        3.000        6.000        9.000        4.000       10.000        1.000        7.000 
       8.000        4.000        3.000        2.000        4.000       10.000       10.000        7.000 
       5.000        1.000        4.000        2.000        4.000        3.000        3.000        7.000 
       9.000        6.000        7.000        1.000        6.000        9.000        3.000        1.000 
       4.000        3.000        1.000        4.000        4.000       10.000        1.000        7.000 
ans:
    7855.000     7821.000     7728.000     7624.000     7759.000     7838.000     7718.000     7827.000 
    7959.000     8073.000     7721.000     7906.000     7919.000     7993.000     8012.000     7384.000 
    7563.000     7617.000     7431.000     7632.000     7417.000     7648.000     7497.000     7320.000 
    7877.000     8155.000     7974.000     7946.000     7754.000     8016.000     7994.000     7897.000 
    8026.000     8047.000     7807.000     7936.000     7764.000     7820.000     7960.000     7523.000 
    7465.000     7935.000     7404.000     7692.000     7574.000     7653.000     7790.000     7540.000 
    7673.000     7904.000     7268.000     7683.000     7437.000     7832.000     7697.000     7088.000 
    7366.000     7554.000     7342.000     7554.000     7381.000     7470.000     7526.000     7467.000 
running time: 0.0167 s


=====number of threads: 4, size of matrix: 512 x 512=====
mat1:
       8.000        1.000        1.000       10.000        5.000        7.000        8.000        7.000 
       6.000        2.000        1.000        8.000        6.000        4.000       10.000        5.000 
       2.000       10.000        3.000        9.000        8.000        9.000        6.000        2.000 
       8.000        9.000        9.000        5.000        2.000        8.000        5.000        3.000 
       9.000        3.000        4.000        2.000        5.000       10.000        2.000        5.000 
       2.000        3.000        6.000        4.000        3.000        5.000        6.000        9.000 
       4.000       10.000        6.000        2.000        2.000        8.000        9.000        4.000 
      10.000        8.000        2.000        5.000        3.000       10.000        8.000        8.000 
mat2:
       4.000        7.000        8.000       10.000       10.000       10.000        2.000        5.000 
      10.000        2.000        8.000        8.000        2.000        9.000        6.000        2.000 
       1.000        8.000        9.000        9.000        6.000        3.000       10.000        9.000 
       3.000        5.000        7.000        2.000        7.000        6.000        8.000        9.000 
       5.000       10.000        6.000        1.000        6.000        1.000        8.000        4.000 
       5.000        7.000       10.000        8.000        9.000        1.000        5.000        8.000 
       6.000       10.000        1.000       10.000        5.000        4.000        6.000        5.000 
       6.000        8.000        2.000        3.000        1.000        2.000        1.000       10.000 
ans:
   16379.000    15850.000    15864.000    16285.000    16003.000    16434.000    17002.000    15608.000 
   15394.000    15657.000    15305.000    15738.000    15122.000    15944.000    15642.000    15355.000 
   16319.000    15636.000    16134.000    15810.000    15703.000    16130.000    16651.000    15723.000 
   15630.000    15576.000    15892.000    15615.000    15138.000    16115.000    15971.000    15752.000 
   15185.000    15357.000    14975.000    15756.000    14797.000    15528.000    15626.000    14825.000 
   14320.000    14297.000    14452.000    14774.000    14261.000    15063.000    14930.000    14162.000 
   15071.000    15256.000    14943.000    15117.000    15293.000    15182.000    15941.000    15172.000 
   15900.000    16206.000    15975.000    16514.000    15585.000    16238.000    16961.000    16056.000 
running time: 0.2175 s


=====number of threads: 4, size of matrix: 1024 x 1024=====
mat1:
       5.000       10.000        8.000        6.000        6.000        4.000        6.000        6.000 
       5.000        4.000        2.000        7.000        5.000        5.000        2.000        9.000 
       5.000        7.000        5.000       10.000        8.000       10.000        5.000        6.000 
       3.000        5.000       10.000        2.000        8.000        2.000        9.000        2.000 
       7.000        9.000        6.000        5.000        8.000        1.000        1.000        4.000 
       8.000        4.000        5.000       10.000        7.000        5.000        6.000        3.000 
      10.000        9.000        8.000        6.000        1.000        8.000        7.000        7.000 
       9.000        8.000        1.000        2.000        5.000        7.000        4.000        2.000 
mat2:
       6.000        4.000        2.000       10.000        4.000       10.000        5.000        4.000 
       1.000        6.000        3.000        9.000        2.000        9.000        5.000        4.000 
       7.000        1.000        5.000        3.000        1.000        6.000        2.000        1.000 
       6.000        8.000        6.000        7.000        8.000        7.000        7.000       10.000 
       1.000        4.000        2.000        7.000        1.000        8.000        1.000        5.000 
       7.000        3.000        8.000        7.000        3.000        9.000        3.000        5.000 
       9.000        7.000        7.000        1.000        7.000        6.000        7.000        2.000 
       5.000        3.000        9.000        9.000        5.000        9.000        7.000        7.000 
ans:
   31690.000    31201.000    30789.000    30583.000    31405.000    30124.000    31974.000    30682.000 
   31376.000    30746.000    31278.000    30361.000    30974.000    29994.000    31704.000    30940.000 
   32273.000    31619.000    31588.000    31060.000    31092.000    30680.000    32172.000    31281.000 
   31975.000    31724.000    30850.000    30766.000    31556.000    30972.000    32372.000    30440.000 
   32420.000    32217.000    31332.000    30993.000    31471.000    30656.000    31707.000    30998.000 
   31909.000    31664.000    31796.000    31005.000    31457.000    30365.000    31933.000    31033.000 
   31783.000    31087.000    30653.000    30566.000    30770.000    30150.000    31094.000    30203.000 
   31716.000    31895.000    31426.000    30655.000    31755.000    30727.000    31793.000    31040.000 
running time: 2.1382 s


=====number of threads: 4, size of matrix: 2048 x 2048=====
mat1:
       1.000        7.000        4.000        7.000        8.000        4.000        2.000        8.000 
       5.000       10.000        5.000        3.000        6.000        5.000        6.000       10.000 
       8.000        8.000        7.000        9.000        9.000        7.000        3.000        1.000 
       9.000        7.000        8.000        9.000        6.000        3.000       10.000        3.000 
       6.000       10.000        8.000        7.000        4.000        1.000        8.000        3.000 
       4.000       10.000       10.000        1.000        3.000        8.000        9.000        6.000 
       6.000        8.000        5.000        7.000        8.000        9.000        1.000        9.000 
       5.000        1.000        8.000        4.000        1.000        2.000        4.000        6.000 
mat2:
       1.000        8.000        7.000       10.000        7.000        5.000       10.000        5.000 
       9.000        1.000        7.000        7.000        1.000        9.000        3.000        3.000 
       5.000        6.000        2.000        8.000        2.000        8.000        7.000        6.000 
       1.000        1.000        9.000        1.000        7.000        1.000        7.000        5.000 
       8.000        8.000       10.000        7.000        9.000        3.000        5.000        9.000 
       1.000        3.000        6.000        1.000        4.000        9.000        9.000        8.000 
       2.000       10.000        7.000        4.000        4.000        3.000        7.000       10.000 
       1.000        8.000        7.000        9.000        6.000        3.000        7.000        1.000 
ans:
   62075.000    62631.000    63169.000    63228.000    62330.000    62794.000    61056.000    62817.000 
   62085.000    61838.000    61404.000    62026.000    60381.000    61552.000    60346.000    61565.000 
   62520.000    61671.000    61989.000    63214.000    61380.000    61706.000    61273.000    61832.000 
   62601.000    62538.000    63261.000    64263.000    62062.000    63197.000    61659.000    62804.000 
   62248.000    62433.000    62930.000    64236.000    62621.000    61871.000    61445.000    62709.000 
   60188.000    59804.000    60013.000    60520.000    59747.000    59921.000    59479.000    59892.000 
   62688.000    62581.000    63109.000    63924.000    63145.000    63710.000    62603.000    63705.000 
   62259.000    62073.000    61909.000    63218.000    61363.000    61791.000    60562.000    62125.000 
running time: 30.3483 s


=====number of threads: 8, size of matrix: 128 x 128=====
mat1:
       1.000        8.000        6.000        6.000        5.000        9.000        2.000        8.000 
       9.000        2.000        7.000        4.000        1.000       10.000        9.000        7.000 
       6.000        5.000        1.000        5.000        3.000        2.000        9.000        2.000 
       5.000        1.000       10.000        9.000        4.000        5.000       10.000        6.000 
      10.000       10.000       10.000        1.000        2.000        3.000        2.000        8.000 
       3.000        1.000        6.000        5.000        4.000        1.000        4.000        1.000 
      10.000        5.000        8.000       10.000        2.000        4.000        4.000        2.000 
      10.000        4.000        9.000        4.000        1.000        4.000        5.000        4.000 
mat2:
       6.000        2.000        3.000        1.000        8.000        6.000        9.000        9.000 
       2.000        1.000        8.000        9.000        5.000        8.000        2.000        7.000 
       8.000        8.000       10.000        5.000        9.000        1.000        5.000        5.000 
       6.000        1.000        5.000        9.000        7.000        3.000        2.000        8.000 
       9.000        1.000        5.000        5.000        7.000        2.000        1.000        5.000 
      10.000        6.000        3.000        7.000        5.000        2.000        6.000        1.000 
       7.000        8.000        4.000        7.000        9.000        6.000        1.000        5.000 
       1.000        7.000        7.000        7.000       10.000        9.000        2.000        8.000 
ans:
    4422.000     3760.000     3848.000     4118.000     3724.000     4003.000     3498.000     3579.000 
    4414.000     3610.000     3765.000     4189.000     3767.000     3901.000     3717.000     3496.000 
    4503.000     3905.000     3939.000     4378.000     3887.000     4151.000     3940.000     3553.000 
    4516.000     3902.000     3873.000     4397.000     4132.000     4088.000     4029.000     3657.000 
    3944.000     3488.000     3607.000     3931.000     3572.000     3896.000     3477.000     3397.000 
    4100.000     3746.000     3853.000     4181.000     3855.000     4083.000     3612.000     3570.000 
    4414.000     3758.000     3970.000     4311.000     4020.000     4117.000     3845.000     3644.000 
    4661.000     3803.000     4111.000     4341.000     4081.000     4133.000     4047.000     3762.000 
running time: 0.0022 s


=====number of threads: 8, size of matrix: 256 x 256=====
mat1:
      10.000       10.000        3.000       10.000        9.000        2.000        2.000       10.000 
       3.000        8.000        5.000        3.000       10.000        3.000        2.000        2.000 
       4.000        7.000        8.000        1.000        8.000        7.000        6.000        6.000 
       3.000        8.000        7.000        9.000        7.000       10.000        8.000        8.000 
       4.000        8.000        8.000        4.000        9.000        5.000        2.000        5.000 
       6.000        6.000        2.000        7.000        2.000        5.000        2.000        1.000 
       6.000        9.000        1.000       10.000        2.000        1.000        1.000        1.000 
       8.000        2.000        7.000        7.000        8.000        6.000       10.000        1.000 
mat2:
       8.000        5.000        1.000        7.000        6.000        5.000        1.000        6.000 
      10.000        1.000        3.000        2.000        3.000        7.000        5.000        8.000 
       1.000        6.000        5.000       10.000        8.000        6.000        3.000        5.000 
       5.000        3.000        6.000        5.000        9.000        3.000        8.000        6.000 
       4.000        6.000        6.000        3.000        8.000        6.000        4.000        6.000 
       7.000       10.000        4.000        2.000        1.000        4.000        8.000        2.000 
       5.000        3.000        8.000       10.000        3.000        8.000        1.000        7.000 
      10.000        4.000       10.000       10.000        9.000        3.000        3.000        3.000 
ans:
    7963.000     7655.000     8085.000     8253.000     7976.000     7333.000     7891.000     8561.000 
    7789.000     7477.000     7997.000     8101.000     7721.000     7670.000     7780.000     8709.000 
    7951.000     7787.000     8191.000     8412.000     7838.000     7680.000     8082.000     8452.000 
    7910.000     7329.000     8083.000     8164.000     7746.000     7338.000     7911.000     8334.000 
    7920.000     7734.000     7999.000     7984.000     7715.000     7627.000     7900.000     8473.000 
    8099.000     7673.000     8142.000     8253.000     8162.000     7547.000     8146.000     8619.000 
    7747.000     7072.000     7731.000     7731.000     7395.000     7108.000     7380.000     8063.000 
    7113.000     6866.000     7377.000     7500.000     7355.000     6845.000     7201.000     7843.000 
running time: 0.0167 s


=====number of threads: 8, size of matrix: 512 x 512=====
mat1:
       8.000        2.000        7.000        4.000        9.000        8.000        2.000        3.000 
      10.000        2.000        7.000        7.000        1.000        7.000        3.000        8.000 
       3.000        7.000        7.000        8.000        7.000        8.000        1.000        7.000 
       8.000        7.000        1.000        7.000       10.000        9.000        4.000        7.000 
       9.000        2.000        3.000        7.000       10.000        1.000       10.000        5.000 
       5.000        9.000        1.000        7.000        4.000        9.000        9.000        3.000 
       9.000        6.000       10.000        2.000        8.000        3.000        7.000        5.000 
       5.000        4.000       10.000        2.000        7.000       10.000       10.000        1.000 
mat2:
       6.000        7.000        9.000        3.000        8.000       10.000        6.000        1.000 
       6.000        2.000        3.000        7.000        8.000        1.000        7.000        3.000 
       2.000        1.000        6.000        9.000        3.000        2.000        3.000       10.000 
       1.000        2.000        2.000        5.000        4.000        6.000        8.000        7.000 
       9.000        6.000       10.000       10.000        9.000        6.000       10.000        7.000 
       5.000        2.000        7.000        9.000        3.000        7.000        8.000        3.000 
       6.000        1.000        8.000        9.000        1.000        4.000        7.000        3.000 
       3.000        3.000        5.000       10.000        7.000        7.000        7.000       10.000 
ans:
   15804.000    16052.000    15687.000    15319.000    15288.000    16511.000    15656.000    15353.000 
   15790.000    15905.000    15341.000    15457.000    15183.000    15744.000    15182.000    14935.000 
   16867.000    16742.000    16441.000    16673.000    16052.000    16651.000    16340.000    16096.000 
   16302.000    15753.000    15446.000    15279.000    15076.000    15772.000    15673.000    14800.000 
   15972.000    15820.000    15586.000    15720.000    15119.000    15908.000    15683.000    15107.000 
   16113.000    16147.000    15480.000    15631.000    15285.000    16133.000    15565.000    14931.000 
   15365.000    15575.000    14913.000    14921.000    14770.000    15546.000    14531.000    14547.000 
   15547.000    15705.000    15142.000    15261.000    14829.000    15344.000    14896.000    14912.000 
running time: 0.2172 s


=====number of threads: 8, size of matrix: 1024 x 1024=====
mat1:
      10.000        9.000        4.000        6.000        5.000        9.000        8.000        6.000 
       9.000        7.000        1.000        1.000        1.000        7.000        3.000        9.000 
       4.000        3.000        5.000        1.000       10.000        9.000       10.000        9.000 
       5.000        8.000       10.000        8.000        9.000       10.000        3.000        9.000 
       5.000        7.000       10.000        3.000        1.000        8.000        5.000        8.000 
       6.000        9.000        6.000        8.000        6.000        1.000        8.000        2.000 
       3.000       10.000        6.000        9.000        3.000        2.000        3.000        7.000 
       1.000        7.000        1.000        3.000        6.000        7.000        3.000        2.000 
mat2:
       9.000        8.000        2.000        9.000        6.000        4.000       10.000        6.000 
       4.000        6.000        9.000        9.000        2.000        9.000       10.000        6.000 
       8.000        8.000        2.000        3.000        9.000        2.000        1.000       10.000 
       6.000        6.000        1.000        6.000        8.000        8.000        7.000        5.000 
       2.000        4.000        1.000        8.000        1.000        5.000        3.000        5.000 
       1.000       10.000        2.000        3.000        9.000        4.000        3.000        3.000 
       3.000        9.000        5.000       10.000        5.000        1.000        7.000       10.000 
       7.000        6.000        5.000        3.000        2.000        1.000       10.000        3.000 
ans:
   31037.000    30385.000    30773.000    30324.000    31139.000    29928.000    30700.000    31508.000 
   31789.000    31122.000    31303.000    30294.000    31440.000    30094.000    31071.000    32230.000 
   32522.000    31575.000    31553.000    31597.000    31963.000    31078.000    31707.000    32983.000 
   31533.000    30933.000    30511.000    29642.000    30804.000    30515.000    30602.000    31973.000 
   31659.000    31552.000    30828.000    30527.000    31058.000    30341.000    31081.000    32036.000 
   30889.000    30659.000    30125.000    30012.000    30541.000    29717.000    30811.000    32012.000 
   32625.000    31858.000    31747.000    30989.000    31588.000    30995.000    32219.000    32746.000 
   32287.000    32078.000    31843.000    30684.000    31645.000    31215.000    32287.000    32846.000 
running time: 2.1205 s


=====number of threads: 8, size of matrix: 2048 x 2048=====
mat1:
       3.000        5.000        7.000        9.000        2.000        2.000        4.000        9.000 
       2.000        6.000        8.000        4.000        5.000        4.000        2.000        5.000 
       7.000        2.000        5.000        8.000        7.000        7.000        9.000        7.000 
       7.000        3.000        6.000        9.000        1.000        2.000        9.000       10.000 
       4.000        2.000        6.000        9.000        8.000       10.000        8.000       10.000 
       8.000        1.000        8.000        9.000        6.000        3.000        5.000       10.000 
      10.000        2.000        3.000        1.000        5.000       10.000        4.000        8.000 
       1.000        8.000        6.000        6.000        4.000        5.000        1.000        8.000 
mat2:
       5.000        6.000        6.000        1.000       10.000       10.000        8.000        3.000 
       5.000        2.000        8.000        3.000        3.000        8.000        5.000        6.000 
       2.000        8.000        1.000       10.000        3.000        6.000        4.000        9.000 
       5.000        9.000        2.000        5.000        8.000        2.000        2.000        5.000 
      10.000        8.000        2.000        1.000        6.000        1.000        3.000       10.000 
       9.000        5.000        5.000       10.000        7.000        2.000       10.000        6.000 
       2.000        8.000        4.000        2.000        6.000        6.000        9.000        6.000 
       1.000        3.000        2.000        3.000        5.000        7.000        3.000        6.000 
ans:
   60107.000    61678.000    61330.000    61623.000    62731.000    61012.000    61925.000    61756.000 
   60464.000    61105.000    61652.000    62352.000    62086.000    61489.000    62078.000    61351.000 
   60391.000    60929.000    61274.000    61832.000    62635.000    61157.000    61704.000    61042.000 
   60399.000    62089.000    61554.000    62507.000    62170.000    61254.000    61843.000    61826.000 
   59836.000    60516.000    61437.000    61954.000    62419.000    60381.000    61560.000    60871.000 
   60118.000    60974.000    60998.000    61271.000    62480.000    60396.000    61936.000    60486.000 
   60479.000    60970.000    60396.000    61572.000    62258.000    60378.000    61132.000    60876.000 
   59895.000    61878.000    61715.000    61625.000    63323.000    61785.000    62210.000    61079.000 
running time: 41.8074 s


=====number of threads: 16, size of matrix: 128 x 128=====
mat1:
       8.000        3.000        6.000        1.000        7.000        7.000        7.000       10.000 
       7.000       10.000        3.000        4.000        4.000        1.000        9.000        7.000 
       2.000        8.000        9.000        8.000        2.000        6.000        7.000        4.000 
       2.000        8.000        9.000        6.000        3.000       10.000        8.000        7.000 
       6.000        3.000        8.000        2.000        4.000       10.000        3.000        3.000 
       4.000        4.000        5.000        6.000        9.000        5.000        9.000       10.000 
       6.000        5.000        7.000        2.000        4.000       10.000        6.000        1.000 
       6.000        5.000        8.000        9.000        8.000        3.000       10.000        9.000 
mat2:
       8.000        1.000        4.000       10.000        8.000        2.000        6.000        7.000 
       1.000        8.000        1.000        7.000        7.000        2.000        7.000       10.000 
       9.000        3.000        6.000        7.000        1.000        5.000       10.000        2.000 
       2.000        5.000        2.000       10.000        5.000        4.000        3.000        9.000 
       7.000       10.000        8.000        6.000        3.000        3.000        8.000        5.000 
       8.000        9.000        5.000        3.000        8.000        9.000        4.000        5.000 
       4.000        9.000        9.000        4.000       10.000        5.000        5.000        1.000 
       4.000        6.000        4.000        3.000        2.000        8.000        4.000        7.000 
ans:
    3431.000     3834.000     3597.000     4133.000     3826.000     3649.000     3436.000     3537.000 
    3435.000     4040.000     3693.000     4080.000     4020.000     3745.000     3759.000     3823.000 
    3722.000     3797.000     3843.000     3925.000     3967.000     3763.000     3541.000     3557.000 
    3645.000     4089.000     3702.000     3936.000     4009.000     3614.000     3692.000     3492.000 
    3714.000     3809.000     3684.000     4027.000     4095.000     3642.000     3641.000     3704.000 
    3618.000     3851.000     3607.000     3879.000     3766.000     3711.000     3676.000     3370.000 
    3617.000     3519.000     3343.000     3817.000     3927.000     3646.000     3580.000     3590.000 
    3661.000     3937.000     3900.000     4017.000     3860.000     3901.000     3745.000     3587.000 
running time: 0.0023 s


=====number of threads: 16, size of matrix: 256 x 256=====
mat1:
       7.000        9.000       10.000        6.000        1.000        2.000        1.000        4.000 
       7.000        5.000        6.000        9.000       10.000        2.000        1.000        7.000 
       6.000        6.000        5.000        6.000        7.000        5.000        9.000        9.000 
       7.000        1.000       10.000        9.000        1.000        4.000        7.000        3.000 
      10.000        4.000        2.000       10.000       10.000        5.000       10.000        1.000 
       5.000        5.000       10.000        5.000        1.000        4.000        4.000        8.000 
       4.000        6.000        2.000        5.000        4.000        6.000        4.000        6.000 
       6.000        3.000        1.000        1.000        6.000       10.000        8.000        4.000 
mat2:
       7.000        8.000        7.000        9.000        3.000        5.000        7.000        4.000 
       3.000        2.000        4.000       10.000       10.000        8.000        2.000       10.000 
       8.000        7.000        1.000        2.000        1.000        6.000        2.000        8.000 
       6.000        3.000        6.000        7.000        8.000        6.000       10.000        4.000 
       2.000       10.000        1.000        5.000        7.000        1.000       10.000        5.000 
       5.000       10.000        9.000        6.000        9.000        6.000        2.000       10.000 
       2.000        6.000        7.000        2.000        7.000        6.000        7.000        1.000 
       7.000        9.000       10.000        1.000        5.000        2.000        4.000        6.000 
ans:
    8056.000     7739.000     8050.000     7544.000     7202.000     7677.000     8072.000     8251.000 
    8715.000     8384.000     8713.000     7932.000     7723.000     7934.000     8754.000     8579.000 
    7853.000     7857.000     8106.000     7536.000     7216.000     7705.000     8118.000     8136.000 
    8113.000     7804.000     7903.000     7591.000     7389.000     7956.000     7905.000     8018.000 
    7603.000     7684.000     7755.000     7195.000     7062.000     7394.000     7893.000     7671.000 
    8017.000     7434.000     7887.000     7088.000     6972.000     7733.000     7809.000     7520.000 
    7868.000     7543.000     7469.000     7062.000     7098.000     7090.000     7816.000     7630.000 
    8021.000     8062.000     7999.000     7423.000     7374.000     7447.000     8181.000     7996.000 
running time: 0.0204 s


=====number of threads: 16, size of matrix: 512 x 512=====
mat1:
       5.000        8.000       10.000        8.000       10.000        5.000        7.000        6.000 
       9.000        3.000       10.000        7.000        5.000        3.000        7.000        8.000 
       9.000        6.000        9.000        1.000        8.000        2.000       10.000        5.000 
       9.000        1.000        8.000        7.000        5.000        9.000        1.000        5.000 
       6.000        8.000        9.000        3.000        6.000        6.000        3.000        2.000 
       1.000        6.000        4.000       10.000        7.000        7.000        4.000        6.000 
       4.000        6.000        9.000        3.000        9.000        1.000        5.000        8.000 
       5.000        2.000        6.000        1.000        3.000       10.000        6.000        3.000 
mat2:
       4.000        1.000        4.000        4.000        6.000        1.000        8.000        8.000 
       3.000        7.000        5.000        7.000        3.000        8.000        6.000        5.000 
       1.000        9.000        2.000        3.000       10.000       10.000        1.000        1.000 
       4.000        1.000        3.000       10.000        8.000        4.000        3.000        9.000 
       9.000        9.000       10.000        2.000        1.000        8.000       10.000        6.000 
       3.000       10.000       10.000        5.000        1.000        7.000        3.000        3.000 
       4.000        4.000        7.000        8.000        7.000        9.000        3.000        4.000 
       3.000        9.000       10.000        1.000        7.000        1.000        3.000        5.000 
ans:
   15607.000    15696.000    16138.000    15680.000    14448.000    15781.000    15707.000    15525.000 
   15649.000    15390.000    15950.000    15598.000    14563.000    15859.000    15543.000    15820.000 
   15534.000    14985.000    15469.000    15274.000    14238.000    15560.000    14947.000    15200.000 
   15158.000    14906.000    15189.000    15107.000    14027.000    15157.000    15085.000    15241.000 
   16238.000    16034.000    16240.000    15723.000    14929.000    16059.000    15808.000    16004.000 
   15724.000    15615.000    15437.000    15596.000    14370.000    15427.000    15329.000    15888.000 
   15980.000    15685.000    15942.000    15437.000    14892.000    15705.000    15977.000    15734.000 
   15703.000    15074.000    15423.000    15358.000    14047.000    15188.000    15402.000    15133.000 
running time: 0.2803 s


=====number of threads: 16, size of matrix: 1024 x 1024=====
mat1:
       3.000        3.000        8.000        2.000        1.000        9.000        1.000        6.000 
       7.000       10.000        8.000        2.000        2.000        5.000        3.000        4.000 
       4.000        5.000        9.000        4.000        1.000       10.000        3.000        5.000 
       6.000        9.000        8.000        9.000        6.000        2.000       10.000        6.000 
       7.000        9.000       10.000        4.000       10.000        3.000        5.000        2.000 
       9.000        4.000        9.000        3.000        5.000        1.000        4.000       10.000 
       3.000       10.000        2.000       10.000        9.000        8.000        8.000        6.000 
       3.000        4.000       10.000        5.000        8.000        8.000        8.000        6.000 
mat2:
      10.000        5.000        6.000        1.000        1.000        8.000        2.000        5.000 
       3.000        3.000        4.000        4.000        8.000        1.000        1.000        5.000 
       2.000       10.000        7.000        4.000        9.000        2.000        1.000        1.000 
       4.000        5.000        3.000        8.000        9.000        5.000       10.000        3.000 
       1.000        3.000        2.000        8.000        7.000        8.000        4.000        4.000 
       1.000        3.000        3.000        7.000        4.000        7.000        7.000        7.000 
       6.000        6.000        1.000        6.000        3.000        8.000        7.000        3.000 
       5.000        8.000        9.000        2.000        9.000        3.000        5.000        7.000 
ans:
   31176.000    31930.000    31660.000    32167.000    32366.000    31833.000    32127.000    31254.000 
   31719.000    31150.000    31797.000    31437.000    31574.000    31009.000    31322.000    31042.000 
   29885.000    29877.000    30049.000    30325.000    30328.000    29732.000    29899.000    29282.000 
   31149.000    32221.000    31270.000    32213.000    32467.000    31156.000    31239.000    30912.000 
   31025.000    30485.000    31063.000    31048.000    31411.000    30229.000    30928.000    30637.000 
   31497.000    31017.000    31287.000    31189.000    30676.000    30877.000    30760.000    30821.000 
   29987.000    29979.000    30434.000    30630.000    30121.000    29982.000    30262.000    29968.000 
   30482.000    30713.000    30951.000    31349.000    31340.000    30239.000    30597.000    30808.000 
running time: 2.5543 s


=====number of threads: 16, size of matrix: 2048 x 2048=====
mat1:
       2.000        4.000        3.000        2.000        7.000        8.000        3.000        9.000 
       4.000        2.000        4.000        5.000        4.000        6.000        3.000        7.000 
       6.000        2.000        4.000        6.000        4.000        1.000        5.000        8.000 
      10.000        3.000        6.000        7.000        8.000        7.000       10.000        5.000 
       1.000        2.000        2.000       10.000        3.000        2.000        8.000        2.000 
       4.000        3.000        1.000        6.000       10.000        1.000       10.000        4.000 
       1.000        5.000        5.000       10.000        7.000        9.000        3.000        2.000 
      10.000        9.000        4.000        9.000        6.000        8.000        6.000        7.000 
mat2:
       9.000        6.000       10.000        1.000        3.000        6.000        9.000       10.000 
       2.000        6.000        9.000        4.000        2.000        6.000        2.000        2.000 
       1.000        4.000        8.000        2.000        8.000        5.000        2.000        4.000 
       4.000        3.000        9.000        1.000        8.000        4.000        2.000        9.000 
       1.000        6.000        6.000        8.000        5.000        4.000        5.000        4.000 
       4.000        2.000        9.000        5.000        2.000        8.000       10.000        8.000 
       2.000        5.000       10.000       10.000       10.000       10.000        2.000       10.000 
       3.000        8.000        4.000        4.000        7.000        8.000        7.000        2.000 
ans:
   62237.000    62333.000    62867.000    63727.000    62326.000    62920.000    61923.000    63287.000 
   60228.000    60406.000    61138.000    61896.000    61132.000    61317.000    60269.000    60677.000 
   62170.000    62222.000    62281.000    63301.000    62263.000    62297.000    62128.000    62610.000 
   62163.000    62681.000    63990.000    64420.000    62593.000    63172.000    62220.000    62503.000 
   61585.000    61147.000    62100.000    62680.000    61660.000    61235.000    61087.000    61771.000 
   61369.000    60884.000    61783.000    63012.000    61379.000    61151.000    60889.000    61335.000 
   59898.000    60495.000    61436.000    62451.000    60687.000    61056.000    59981.000    60722.000 
   62450.000    62600.000    63718.000    64106.000    62597.000    63067.000    61584.000    62643.000 
running time: 46.0103 s

